# t[sec] Amplitude 
0 -1
4.16667e-05 -1
8.33333e-05 -1
0.000125 -1
0.000166667 -1
0.000208333 -1
0.00025 -1
0.000291667 -1
0.000333333 -1
0.000375 -1
0.000416667 -1
0.000458333 -1
0.0005 -1
0.000541667 -1
0.000583333 -1
0.000625 -1
0.000666667 -1
0.000708333 -1
0.00075 -1
0.000791667 -1
0.000833333 -1
0.000875 -1
0.000916667 -1
0.000958333 -1
0.001 -1
0.00104167 -1
0.00108333 -1
0.001125 -1
0.00116667 -1
0.00120833 -1
0.00125 -1
0.00129167 -1
0.00133333 -1
0.001375 -1
0.00141667 -1
0.00145833 -1
0.0015 -1
0.00154167 -1
0.00158333 -1
0.001625 -1
0.00166667 -1
0.00170833 -1
0.00175 -1
0.00179167 -1
0.00183333 -1
0.001875 -1
0.00191667 -1
0.00195833 -1
0.002 -1
0.00204167 -1
0.00208333 -1
0.002125 -1
0.00216667 -1
0.00220833 -1
0.00225 -1
0.00229167 -1
0.00233333 -1
0.002375 -1
0.00241667 -1
0.00245833 -1
0.0025 -1
0.00254167 -1
0.00258333 -1
0.002625 -1
0.00266667 -1
0.00270833 -1
0.00275 -1
0.00279167 -1
0.00283333 -1
0.002875 -1
0.00291667 -1
0.00295833 -1
0.003 -1
0.00304167 -1
0.00308333 -1
0.003125 -1
0.00316667 -1
0.00320833 -1
0.00325 -1
0.00329167 -1
0.00333333 -1
0.003375 -1
0.00341667 -1
0.00345833 -1
0.0035 -1
0.00354167 -1
0.00358333 -1
0.003625 -1
0.00366667 -1
0.00370833 -1
0.00375 -1
0.00379167 -1
0.00383333 -1
0.003875 -1
0.00391667 -1
0.00395833 -1
0.004 -1
0.00404167 -1
0.00408333 -1
0.004125 -1
0.00416667 -1
0.00420833 -1
0.00425 -1
0.00429167 -1
0.00433333 -1
0.004375 -1
0.00441667 -1
0.00445833 -1
0.0045 -1
0.00454167 -1
0.00458333 -1
0.004625 -1
0.00466667 -1
0.00470833 -1
0.00475 -1
0.00479167 -1
0.00483333 -1
0.004875 -1
0.00491667 -1
0.00495833 -1
0.005 -1
0.00504167 -1
0.00508333 -1
0.005125 -1
0.00516667 -1
0.00520833 -1
0.00525 -1
0.00529167 -1
0.00533333 -1
0.005375 -1
0.00541667 -1
0.00545833 -1
0.0055 -1
0.00554167 -1
0.00558333 -1
0.005625 -1
0.00566667 -1
0.00570833 -1
0.00575 -1
0.00579167 -1
0.00583333 -1
0.005875 -1
0.00591667 -1
0.00595833 -1
0.006 1
0.00604167 1
0.00608333 1
0.006125 1
0.00616667 1
0.00620833 1
0.00625 1
0.00629167 1
0.00633333 1
0.006375 1
0.00641667 1
0.00645833 1
0.0065 1
0.00654167 1
0.00658333 1
0.006625 1
0.00666667 1
0.00670833 1
0.00675 1
0.00679167 1
0.00683333 1
0.006875 1
0.00691667 1
0.00695833 1
0.007 1
0.00704167 1
0.00708333 1
0.007125 1
0.00716667 1
0.00720833 1
0.00725 1
0.00729167 1
0.00733333 1
0.007375 1
0.00741667 1
0.00745833 1
0.0075 1
0.00754167 1
0.00758333 1
0.007625 1
0.00766667 1
0.00770833 1
0.00775 1
0.00779167 1
0.00783333 1
0.007875 1
0.00791667 1
0.00795833 1
0.008 1
0.00804167 1
0.00808333 1
0.008125 1
0.00816667 1
0.00820833 1
0.00825 1
0.00829167 1
0.00833333 1
0.008375 1
0.00841667 1
0.00845833 1
0.0085 1
0.00854167 1
0.00858333 1
0.008625 1
0.00866667 1
0.00870833 1
0.00875 1
0.00879167 1
0.00883333 1
0.008875 1
0.00891667 1
0.00895833 1
0.009 1
0.00904167 1
0.00908333 1
0.009125 1
0.00916667 1
0.00920833 1
0.00925 1
0.00929167 1
0.00933333 1
0.009375 1
0.00941667 1
0.00945833 1
0.0095 1
0.00954167 1
0.00958333 1
0.009625 1
0.00966667 1
0.00970833 1
0.00975 1
0.00979167 1
0.00983333 1
0.009875 1
0.00991667 1
0.00995833 1
0.01 1
0.0100417 1
0.0100833 1
0.010125 1
0.0101667 1
0.0102083 1
0.01025 1
0.0102917 1
0.0103333 1
0.010375 1
0.0104167 1
0.0104583 1
0.0105 1
0.0105417 1
0.0105833 1
0.010625 1
0.0106667 1
0.0107083 1
0.01075 1
0.0107917 1
0.0108333 1
0.010875 1
0.0109167 1
0.0109583 1
0.011 1
0.0110417 1
0.0110833 1
0.011125 1
0.0111667 1
0.0112083 1
0.01125 1
0.0112917 1
0.0113333 1
0.011375 1
0.0114167 1
0.0114583 1
0.0115 1
0.0115417 1
0.0115833 1
0.011625 1
0.0116667 1
0.0117083 1
0.01175 1
0.0117917 1
0.0118333 1
0.011875 1
0.0119167 1
0.0119583 1
0.012 1
0.0120417 1
0.0120833 1
0.012125 1
0.0121667 1
0.0122083 1
0.01225 1
0.0122917 1
0.0123333 1
0.012375 1
0.0124167 1
0.0124583 1
0.0125 1
0.0125417 1
0.0125833 1
0.012625 1
0.0126667 1
0.0127083 1
0.01275 1
0.0127917 1
0.0128333 1
0.012875 1
0.0129167 1
0.0129583 1
0.013 1
0.0130417 1
0.0130833 1
0.013125 1
0.0131667 1
0.0132083 1
0.01325 1
0.0132917 1
0.0133333 1
0.013375 1
0.0134167 1
0.0134583 1
0.0135 1
0.0135417 1
0.0135833 1
0.013625 1
0.0136667 1
0.0137083 1
0.01375 1
0.0137917 1
0.0138333 1
0.013875 1
0.0139167 1
0.0139583 1
0.014 -1
0.0140417 -1
0.0140833 -1
0.014125 -1
0.0141667 -1
0.0142083 -1
0.01425 -1
0.0142917 -1
0.0143333 -1
0.014375 -1
0.0144167 -1
0.0144583 -1
0.0145 -1
0.0145417 -1
0.0145833 -1
0.014625 -1
0.0146667 -1
0.0147083 -1
0.01475 -1
0.0147917 -1
0.0148333 -1
0.014875 -1
0.0149167 -1
0.0149583 -1
0.015 -1
0.0150417 -1
0.0150833 -1
0.015125 -1
0.0151667 -1
0.0152083 -1
0.01525 -1
0.0152917 -1
0.0153333 -1
0.015375 -1
0.0154167 -1
0.0154583 -1
0.0155 -1
0.0155417 -1
0.0155833 -1
0.015625 -1
0.0156667 -1
0.0157083 -1
0.01575 -1
0.0157917 -1
0.0158333 -1
0.015875 -1
0.0159167 -1
0.0159583 -1
0.016 1
0.0160417 1
0.0160833 1
0.016125 1
0.0161667 1
0.0162083 1
0.01625 1
0.0162917 1
0.0163333 1
0.016375 1
0.0164167 1
0.0164583 1
0.0165 1
0.0165417 1
0.0165833 1
0.016625 1
0.0166667 1
0.0167083 1
0.01675 1
0.0167917 1
0.0168333 1
0.016875 1
0.0169167 1
0.0169583 1
0.017 1
0.0170417 1
0.0170833 1
0.017125 1
0.0171667 1
0.0172083 1
0.01725 1
0.0172917 1
0.0173333 1
0.017375 1
0.0174167 1
0.0174583 1
0.0175 1
0.0175417 1
0.0175833 1
0.017625 1
0.0176667 1
0.0177083 1
0.01775 1
0.0177917 1
0.0178333 1
0.017875 1
0.0179167 1
0.0179583 1
0.018 -1
0.0180417 -1
0.0180833 -1
0.018125 -1
0.0181667 -1
0.0182083 -1
0.01825 -1
0.0182917 -1
0.0183333 -1
0.018375 -1
0.0184167 -1
0.0184583 -1
0.0185 -1
0.0185417 -1
0.0185833 -1
0.018625 -1
0.0186667 -1
0.0187083 -1
0.01875 -1
0.0187917 -1
0.0188333 -1
0.018875 -1
0.0189167 -1
0.0189583 -1
0.019 -1
0.0190417 -1
0.0190833 -1
0.019125 -1
0.0191667 -1
0.0192083 -1
0.01925 -1
0.0192917 -1
0.0193333 -1
0.019375 -1
0.0194167 -1
0.0194583 -1
0.0195 -1
0.0195417 -1
0.0195833 -1
0.019625 -1
0.0196667 -1
0.0197083 -1
0.01975 -1
0.0197917 -1
0.0198333 -1
0.019875 -1
0.0199167 -1
0.0199583 -1
0.02 1
0.0200417 1
0.0200833 1
0.020125 1
0.0201667 1
0.0202083 1
0.02025 1
0.0202917 1
0.0203333 1
0.020375 1
0.0204167 1
0.0204583 1
0.0205 1
0.0205417 1
0.0205833 1
0.020625 1
0.0206667 1
0.0207083 1
0.02075 1
0.0207917 1
0.0208333 1
0.020875 1
0.0209167 1
0.0209583 1
0.021 1
0.0210417 1
0.0210833 1
0.021125 1
0.0211667 1
0.0212083 1
0.02125 1
0.0212917 1
0.0213333 1
0.021375 1
0.0214167 1
0.0214583 1
0.0215 1
0.0215417 1
0.0215833 1
0.021625 1
0.0216667 1
0.0217083 1
0.02175 1
0.0217917 1
0.0218333 1
0.021875 1
0.0219167 1
0.0219583 1
0.022 1
0.0220417 1
0.0220833 1
0.022125 1
0.0221667 1
0.0222083 1
0.02225 1
0.0222917 1
0.0223333 1
0.022375 1
0.0224167 1
0.0224583 1
0.0225 1
0.0225417 1
0.0225833 1
0.022625 1
0.0226667 1
0.0227083 1
0.02275 1
0.0227917 1
0.0228333 1
0.022875 1
0.0229167 1
0.0229583 1
0.023 1
0.0230417 1
0.0230833 1
0.023125 1
0.0231667 1
0.0232083 1
0.02325 1
0.0232917 1
0.0233333 1
0.023375 1
0.0234167 1
0.0234583 1
0.0235 1
0.0235417 1
0.0235833 1
0.023625 1
0.0236667 1
0.0237083 1
0.02375 1
0.0237917 1
0.0238333 1
0.023875 1
0.0239167 1
0.0239583 1
0.024 -1
0.0240417 -1
0.0240833 -1
0.024125 -1
0.0241667 -1
0.0242083 -1
0.02425 -1
0.0242917 -1
0.0243333 -1
0.024375 -1
0.0244167 -1
0.0244583 -1
0.0245 -1
0.0245417 -1
0.0245833 -1
0.024625 -1
0.0246667 -1
0.0247083 -1
0.02475 -1
0.0247917 -1
0.0248333 -1
0.024875 -1
0.0249167 -1
0.0249583 -1
0.025 -1
0.0250417 -1
0.0250833 -1
0.025125 -1
0.0251667 -1
0.0252083 -1
0.02525 -1
0.0252917 -1
0.0253333 -1
0.025375 -1
0.0254167 -1
0.0254583 -1
0.0255 -1
0.0255417 -1
0.0255833 -1
0.025625 -1
0.0256667 -1
0.0257083 -1
0.02575 -1
0.0257917 -1
0.0258333 -1
0.025875 -1
0.0259167 -1
0.0259583 -1
0.026 -1
0.0260417 -1
0.0260833 -1
0.026125 -1
0.0261667 -1
0.0262083 -1
0.02625 -1
0.0262917 -1
0.0263333 -1
0.026375 -1
0.0264167 -1
0.0264583 -1
0.0265 -1
0.0265417 -1
0.0265833 -1
0.026625 -1
0.0266667 -1
0.0267083 -1
0.02675 -1
0.0267917 -1
0.0268333 -1
0.026875 -1
0.0269167 -1
0.0269583 -1
0.027 -1
0.0270417 -1
0.0270833 -1
0.027125 -1
0.0271667 -1
0.0272083 -1
0.02725 -1
0.0272917 -1
0.0273333 -1
0.027375 -1
0.0274167 -1
0.0274583 -1
0.0275 -1
0.0275417 -1
0.0275833 -1
0.027625 -1
0.0276667 -1
0.0277083 -1
0.02775 -1
0.0277917 -1
0.0278333 -1
0.027875 -1
0.0279167 -1
0.0279583 -1
0.028 1
0.0280417 1
0.0280833 1
0.028125 1
0.0281667 1
0.0282083 1
0.02825 1
0.0282917 1
0.0283333 1
0.028375 1
0.0284167 1
0.0284583 1
0.0285 1
0.0285417 1
0.0285833 1
0.028625 1
0.0286667 1
0.0287083 1
0.02875 1
0.0287917 1
0.0288333 1
0.028875 1
0.0289167 1
0.0289583 1
0.029 1
0.0290417 1
0.0290833 1
0.029125 1
0.0291667 1
0.0292083 1
0.02925 1
0.0292917 1
0.0293333 1
0.029375 1
0.0294167 1
0.0294583 1
0.0295 1
0.0295417 1
0.0295833 1
0.029625 1
0.0296667 1
0.0297083 1
0.02975 1
0.0297917 1
0.0298333 1
0.029875 1
0.0299167 1
0.0299583 1
0.03 -1
0.0300417 -1
0.0300833 -1
0.030125 -1
0.0301667 -1
0.0302083 -1
0.03025 -1
0.0302917 -1
0.0303333 -1
0.030375 -1
0.0304167 -1
0.0304583 -1
0.0305 -1
0.0305417 -1
0.0305833 -1
0.030625 -1
0.0306667 -1
0.0307083 -1
0.03075 -1
0.0307917 -1
0.0308333 -1
0.030875 -1
0.0309167 -1
0.0309583 -1
0.031 -1
0.0310417 -1
0.0310833 -1
0.031125 -1
0.0311667 -1
0.0312083 -1
0.03125 -1
0.0312917 -1
0.0313333 -1
0.031375 -1
0.0314167 -1
0.0314583 -1
0.0315 -1
0.0315417 -1
0.0315833 -1
0.031625 -1
0.0316667 -1
0.0317083 -1
0.03175 -1
0.0317917 -1
0.0318333 -1
0.031875 -1
0.0319167 -1
0.0319583 -1
0.032 -1
0.0320417 -1
0.0320833 -1
0.032125 -1
0.0321667 -1
0.0322083 -1
0.03225 -1
0.0322917 -1
0.0323333 -1
0.032375 -1
0.0324167 -1
0.0324583 -1
0.0325 -1
0.0325417 -1
0.0325833 -1
0.032625 -1
0.0326667 -1
0.0327083 -1
0.03275 -1
0.0327917 -1
0.0328333 -1
0.032875 -1
0.0329167 -1
0.0329583 -1
0.033 -1
0.0330417 -1
0.0330833 -1
0.033125 -1
0.0331667 -1
0.0332083 -1
0.03325 -1
0.0332917 -1
0.0333333 -1
0.033375 -1
0.0334167 -1
0.0334583 -1
0.0335 -1
0.0335417 -1
0.0335833 -1
0.033625 -1
0.0336667 -1
0.0337083 -1
0.03375 -1
0.0337917 -1
0.0338333 -1
0.033875 -1
0.0339167 -1
0.0339583 -1
0.034 -1
0.0340417 -1
0.0340833 -1
0.034125 -1
0.0341667 -1
0.0342083 -1
0.03425 -1
0.0342917 -1
0.0343333 -1
0.034375 -1
0.0344167 -1
0.0344583 -1
0.0345 -1
0.0345417 -1
0.0345833 -1
0.034625 -1
0.0346667 -1
0.0347083 -1
0.03475 -1
0.0347917 -1
0.0348333 -1
0.034875 -1
0.0349167 -1
0.0349583 -1
0.035 -1
0.0350417 -1
0.0350833 -1
0.035125 -1
0.0351667 -1
0.0352083 -1
0.03525 -1
0.0352917 -1
0.0353333 -1
0.035375 -1
0.0354167 -1
0.0354583 -1
0.0355 -1
0.0355417 -1
0.0355833 -1
0.035625 -1
0.0356667 -1
0.0357083 -1
0.03575 -1
0.0357917 -1
0.0358333 -1
0.035875 -1
0.0359167 -1
0.0359583 -1
0.036 1
0.0360417 1
0.0360833 1
0.036125 1
0.0361667 1
0.0362083 1
0.03625 1
0.0362917 1
0.0363333 1
0.036375 1
0.0364167 1
0.0364583 1
0.0365 1
0.0365417 1
0.0365833 1
0.036625 1
0.0366667 1
0.0367083 1
0.03675 1
0.0367917 1
0.0368333 1
0.036875 1
0.0369167 1
0.0369583 1
0.037 1
0.0370417 1
0.0370833 1
0.037125 1
0.0371667 1
0.0372083 1
0.03725 1
0.0372917 1
0.0373333 1
0.037375 1
0.0374167 1
0.0374583 1
0.0375 1
0.0375417 1
0.0375833 1
0.037625 1
0.0376667 1
0.0377083 1
0.03775 1
0.0377917 1
0.0378333 1
0.037875 1
0.0379167 1
0.0379583 1
0.038 1
0.0380417 1
0.0380833 1
0.038125 1
0.0381667 1
0.0382083 1
0.03825 1
0.0382917 1
0.0383333 1
0.038375 1
0.0384167 1
0.0384583 1
0.0385 1
0.0385417 1
0.0385833 1
0.038625 1
0.0386667 1
0.0387083 1
0.03875 1
0.0387917 1
0.0388333 1
0.038875 1
0.0389167 1
0.0389583 1
0.039 1
0.0390417 1
0.0390833 1
0.039125 1
0.0391667 1
0.0392083 1
0.03925 1
0.0392917 1
0.0393333 1
0.039375 1
0.0394167 1
0.0394583 1
0.0395 1
0.0395417 1
0.0395833 1
0.039625 1
0.0396667 1
0.0397083 1
0.03975 1
0.0397917 1
0.0398333 1
0.039875 1
0.0399167 1
0.0399583 1
0.04 1
0.0400417 1
0.0400833 1
0.040125 1
0.0401667 1
0.0402083 1
0.04025 1
0.0402917 1
0.0403333 1
0.040375 1
0.0404167 1
0.0404583 1
0.0405 1
0.0405417 1
0.0405833 1
0.040625 1
0.0406667 1
0.0407083 1
0.04075 1
0.0407917 1
0.0408333 1
0.040875 1
0.0409167 1
0.0409583 1
0.041 1
0.0410417 1
0.0410833 1
0.041125 1
0.0411667 1
0.0412083 1
0.04125 1
0.0412917 1
0.0413333 1
0.041375 1
0.0414167 1
0.0414583 1
0.0415 1
0.0415417 1
0.0415833 1
0.041625 1
0.0416667 1
0.0417083 1
0.04175 1
0.0417917 1
0.0418333 1
0.041875 1
0.0419167 1
0.0419583 1
0.042 1
0.0420417 1
0.0420833 1
0.042125 1
0.0421667 1
0.0422083 1
0.04225 1
0.0422917 1
0.0423333 1
0.042375 1
0.0424167 1
0.0424583 1
0.0425 1
0.0425417 1
0.0425833 1
0.042625 1
0.0426667 1
0.0427083 1
0.04275 1
0.0427917 1
0.0428333 1
0.042875 1
0.0429167 1
0.0429583 1
0.043 1
0.0430417 1
0.0430833 1
0.043125 1
0.0431667 1
0.0432083 1
0.04325 1
0.0432917 1
0.0433333 1
0.043375 1
0.0434167 1
0.0434583 1
0.0435 1
0.0435417 1
0.0435833 1
0.043625 1
0.0436667 1
0.0437083 1
0.04375 1
0.0437917 1
0.0438333 1
0.043875 1
0.0439167 1
0.0439583 1
0.044 -1
0.0440417 -1
0.0440833 -1
0.044125 -1
0.0441667 -1
0.0442083 -1
0.04425 -1
0.0442917 -1
0.0443333 -1
0.044375 -1
0.0444167 -1
0.0444583 -1
0.0445 -1
0.0445417 -1
0.0445833 -1
0.044625 -1
0.0446667 -1
0.0447083 -1
0.04475 -1
0.0447917 -1
0.0448333 -1
0.044875 -1
0.0449167 -1
0.0449583 -1
0.045 -1
0.0450417 -1
0.0450833 -1
0.045125 -1
0.0451667 -1
0.0452083 -1
0.04525 -1
0.0452917 -1
0.0453333 -1
0.045375 -1
0.0454167 -1
0.0454583 -1
0.0455 -1
0.0455417 -1
0.0455833 -1
0.045625 -1
0.0456667 -1
0.0457083 -1
0.04575 -1
0.0457917 -1
0.0458333 -1
0.045875 -1
0.0459167 -1
0.0459583 -1
0.046 1
0.0460417 1
0.0460833 1
0.046125 1
0.0461667 1
0.0462083 1
0.04625 1
0.0462917 1
0.0463333 1
0.046375 1
0.0464167 1
0.0464583 1
0.0465 1
0.0465417 1
0.0465833 1
0.046625 1
0.0466667 1
0.0467083 1
0.04675 1
0.0467917 1
0.0468333 1
0.046875 1
0.0469167 1
0.0469583 1
0.047 1
0.0470417 1
0.0470833 1
0.047125 1
0.0471667 1
0.0472083 1
0.04725 1
0.0472917 1
0.0473333 1
0.047375 1
0.0474167 1
0.0474583 1
0.0475 1
0.0475417 1
0.0475833 1
0.047625 1
0.0476667 1
0.0477083 1
0.04775 1
0.0477917 1
0.0478333 1
0.047875 1
0.0479167 1
0.0479583 1
0.048 -1
0.0480417 -1
0.0480833 -1
0.048125 -1
0.0481667 -1
0.0482083 -1
0.04825 -1
0.0482917 -1
0.0483333 -1
0.048375 -1
0.0484167 -1
0.0484583 -1
0.0485 -1
0.0485417 -1
0.0485833 -1
0.048625 -1
0.0486667 -1
0.0487083 -1
0.04875 -1
0.0487917 -1
0.0488333 -1
0.048875 -1
0.0489167 -1
0.0489583 -1
0.049 -1
0.0490417 -1
0.0490833 -1
0.049125 -1
0.0491667 -1
0.0492083 -1
0.04925 -1
0.0492917 -1
0.0493333 -1
0.049375 -1
0.0494167 -1
0.0494583 -1
0.0495 -1
0.0495417 -1
0.0495833 -1
0.049625 -1
0.0496667 -1
0.0497083 -1
0.04975 -1
0.0497917 -1
0.0498333 -1
0.049875 -1
0.0499167 -1
0.0499583 -1
0.05 1
0.0500417 1
0.0500833 1
0.050125 1
0.0501667 1
0.0502083 1
0.05025 1
0.0502917 1
0.0503333 1
0.050375 1
0.0504167 1
0.0504583 1
0.0505 1
0.0505417 1
0.0505833 1
0.050625 1
0.0506667 1
0.0507083 1
0.05075 1
0.0507917 1
0.0508333 1
0.050875 1
0.0509167 1
0.0509583 1
0.051 1
0.0510417 1
0.0510833 1
0.051125 1
0.0511667 1
0.0512083 1
0.05125 1
0.0512917 1
0.0513333 1
0.051375 1
0.0514167 1
0.0514583 1
0.0515 1
0.0515417 1
0.0515833 1
0.051625 1
0.0516667 1
0.0517083 1
0.05175 1
0.0517917 1
0.0518333 1
0.051875 1
0.0519167 1
0.0519583 1
0.052 1
0.0520417 1
0.0520833 1
0.052125 1
0.0521667 1
0.0522083 1
0.05225 1
0.0522917 1
0.0523333 1
0.052375 1
0.0524167 1
0.0524583 1
0.0525 1
0.0525417 1
0.0525833 1
0.052625 1
0.0526667 1
0.0527083 1
0.05275 1
0.0527917 1
0.0528333 1
0.052875 1
0.0529167 1
0.0529583 1
0.053 1
0.0530417 1
0.0530833 1
0.053125 1
0.0531667 1
0.0532083 1
0.05325 1
0.0532917 1
0.0533333 1
0.053375 1
0.0534167 1
0.0534583 1
0.0535 1
0.0535417 1
0.0535833 1
0.053625 1
0.0536667 1
0.0537083 1
0.05375 1
0.0537917 1
0.0538333 1
0.053875 1
0.0539167 1
0.0539583 1
0.054 -1
0.0540417 -1
0.0540833 -1
0.054125 -1
0.0541667 -1
0.0542083 -1
0.05425 -1
0.0542917 -1
0.0543333 -1
0.054375 -1
0.0544167 -1
0.0544583 -1
0.0545 -1
0.0545417 -1
0.0545833 -1
0.054625 -1
0.0546667 -1
0.0547083 -1
0.05475 -1
0.0547917 -1
0.0548333 -1
0.054875 -1
0.0549167 -1
0.0549583 -1
0.055 -1
0.0550417 -1
0.0550833 -1
0.055125 -1
0.0551667 -1
0.0552083 -1
0.05525 -1
0.0552917 -1
0.0553333 -1
0.055375 -1
0.0554167 -1
0.0554583 -1
0.0555 -1
0.0555417 -1
0.0555833 -1
0.055625 -1
0.0556667 -1
0.0557083 -1
0.05575 -1
0.0557917 -1
0.0558333 -1
0.055875 -1
0.0559167 -1
0.0559583 -1
0.056 -1
0.0560417 -1
0.0560833 -1
0.056125 -1
0.0561667 -1
0.0562083 -1
0.05625 -1
0.0562917 -1
0.0563333 -1
0.056375 -1
0.0564167 -1
0.0564583 -1
0.0565 -1
0.0565417 -1
0.0565833 -1
0.056625 -1
0.0566667 -1
0.0567083 -1
0.05675 -1
0.0567917 -1
0.0568333 -1
0.056875 -1
0.0569167 -1
0.0569583 -1
0.057 -1
0.0570417 -1
0.0570833 -1
0.057125 -1
0.0571667 -1
0.0572083 -1
0.05725 -1
0.0572917 -1
0.0573333 -1
0.057375 -1
0.0574167 -1
0.0574583 -1
0.0575 -1
0.0575417 -1
0.0575833 -1
0.057625 -1
0.0576667 -1
0.0577083 -1
0.05775 -1
0.0577917 -1
0.0578333 -1
0.057875 -1
0.0579167 -1
0.0579583 -1
0.058 1
0.0580417 1
0.0580833 1
0.058125 1
0.0581667 1
0.0582083 1
0.05825 1
0.0582917 1
0.0583333 1
0.058375 1
0.0584167 1
0.0584583 1
0.0585 1
0.0585417 1
0.0585833 1
0.058625 1
0.0586667 1
0.0587083 1
0.05875 1
0.0587917 1
0.0588333 1
0.058875 1
0.0589167 1
0.0589583 1
0.059 1
0.0590417 1
0.0590833 1
0.059125 1
0.0591667 1
0.0592083 1
0.05925 1
0.0592917 1
0.0593333 1
0.059375 1
0.0594167 1
0.0594583 1
0.0595 1
0.0595417 1
0.0595833 1
0.059625 1
0.0596667 1
0.0597083 1
0.05975 1
0.0597917 1
0.0598333 1
0.059875 1
0.0599167 1
0.0599583 1
0.06 -1
0.0600417 -1
0.0600833 -1
0.060125 -1
0.0601667 -1
0.0602083 -1
0.06025 -1
0.0602917 -1
0.0603333 -1
0.060375 -1
0.0604167 -1
0.0604583 -1
0.0605 -1
0.0605417 -1
0.0605833 -1
0.060625 -1
0.0606667 -1
0.0607083 -1
0.06075 -1
0.0607917 -1
0.0608333 -1
0.060875 -1
0.0609167 -1
0.0609583 -1
0.061 -1
0.0610417 -1
0.0610833 -1
0.061125 -1
0.0611667 -1
0.0612083 -1
0.06125 -1
0.0612917 -1
0.0613333 -1
0.061375 -1
0.0614167 -1
0.0614583 -1
0.0615 -1
0.0615417 -1
0.0615833 -1
0.061625 -1
0.0616667 -1
0.0617083 -1
0.06175 -1
0.0617917 -1
0.0618333 -1
0.061875 -1
0.0619167 -1
0.0619583 -1
0.062 -1
0.0620417 -1
0.0620833 -1
0.062125 -1
0.0621667 -1
0.0622083 -1
0.06225 -1
0.0622917 -1
0.0623333 -1
0.062375 -1
0.0624167 -1
0.0624583 -1
0.0625 -1
0.0625417 -1
0.0625833 -1
0.062625 -1
0.0626667 -1
0.0627083 -1
0.06275 -1
0.0627917 -1
0.0628333 -1
0.062875 -1
0.0629167 -1
0.0629583 -1
0.063 -1
0.0630417 -1
0.0630833 -1
0.063125 -1
0.0631667 -1
0.0632083 -1
0.06325 -1
0.0632917 -1
0.0633333 -1
0.063375 -1
0.0634167 -1
0.0634583 -1
0.0635 -1
0.0635417 -1
0.0635833 -1
0.063625 -1
0.0636667 -1
0.0637083 -1
0.06375 -1
0.0637917 -1
0.0638333 -1
0.063875 -1
0.0639167 -1
0.0639583 -1
0.064 -1
0.0640417 -1
0.0640833 -1
0.064125 -1
0.0641667 -1
0.0642083 -1
0.06425 -1
0.0642917 -1
0.0643333 -1
0.064375 -1
0.0644167 -1
0.0644583 -1
0.0645 -1
0.0645417 -1
0.0645833 -1
0.064625 -1
0.0646667 -1
0.0647083 -1
0.06475 -1
0.0647917 -1
0.0648333 -1
0.064875 -1
0.0649167 -1
0.0649583 -1
0.065 -1
0.0650417 -1
0.0650833 -1
0.065125 -1
0.0651667 -1
0.0652083 -1
0.06525 -1
0.0652917 -1
0.0653333 -1
0.065375 -1
0.0654167 -1
0.0654583 -1
0.0655 -1
0.0655417 -1
0.0655833 -1
0.065625 -1
0.0656667 -1
0.0657083 -1
0.06575 -1
0.0657917 -1
0.0658333 -1
0.065875 -1
0.0659167 -1
0.0659583 -1
0.066 1
0.0660417 1
0.0660833 1
0.066125 1
0.0661667 1
0.0662083 1
0.06625 1
0.0662917 1
0.0663333 1
0.066375 1
0.0664167 1
0.0664583 1
0.0665 1
0.0665417 1
0.0665833 1
0.066625 1
0.0666667 1
0.0667083 1
0.06675 1
0.0667917 1
0.0668333 1
0.066875 1
0.0669167 1
0.0669583 1
0.067 1
0.0670417 1
0.0670833 1
0.067125 1
0.0671667 1
0.0672083 1
0.06725 1
0.0672917 1
0.0673333 1
0.067375 1
0.0674167 1
0.0674583 1
0.0675 1
0.0675417 1
0.0675833 1
0.067625 1
0.0676667 1
0.0677083 1
0.06775 1
0.0677917 1
0.0678333 1
0.067875 1
0.0679167 1
0.0679583 1
0.068 1
0.0680417 1
0.0680833 1
0.068125 1
0.0681667 1
0.0682083 1
0.06825 1
0.0682917 1
0.0683333 1
0.068375 1
0.0684167 1
0.0684583 1
0.0685 1
0.0685417 1
0.0685833 1
0.068625 1
0.0686667 1
0.0687083 1
0.06875 1
0.0687917 1
0.0688333 1
0.068875 1
0.0689167 1
0.0689583 1
0.069 1
0.0690417 1
0.0690833 1
0.069125 1
0.0691667 1
0.0692083 1
0.06925 1
0.0692917 1
0.0693333 1
0.069375 1
0.0694167 1
0.0694583 1
0.0695 1
0.0695417 1
0.0695833 1
0.069625 1
0.0696667 1
0.0697083 1
0.06975 1
0.0697917 1
0.0698333 1
0.069875 1
0.0699167 1
0.0699583 1
0.07 1
0.0700417 1
0.0700833 1
0.070125 1
0.0701667 1
0.0702083 1
0.07025 1
0.0702917 1
0.0703333 1
0.070375 1
0.0704167 1
0.0704583 1
0.0705 1
0.0705417 1
0.0705833 1
0.070625 1
0.0706667 1
0.0707083 1
0.07075 1
0.0707917 1
0.0708333 1
0.070875 1
0.0709167 1
0.0709583 1
0.071 1
0.0710417 1
0.0710833 1
0.071125 1
0.0711667 1
0.0712083 1
0.07125 1
0.0712917 1
0.0713333 1
0.071375 1
0.0714167 1
0.0714583 1
0.0715 1
0.0715417 1
0.0715833 1
0.071625 1
0.0716667 1
0.0717083 1
0.07175 1
0.0717917 1
0.0718333 1
0.071875 1
0.0719167 1
0.0719583 1
0.072 1
0.0720417 1
0.0720833 1
0.072125 1
0.0721667 1
0.0722083 1
0.07225 1
0.0722917 1
0.0723333 1
0.072375 1
0.0724167 1
0.0724583 1
0.0725 1
0.0725417 1
0.0725833 1
0.072625 1
0.0726667 1
0.0727083 1
0.07275 1
0.0727917 1
0.0728333 1
0.072875 1
0.0729167 1
0.0729583 1
0.073 1
0.0730417 1
0.0730833 1
0.073125 1
0.0731667 1
0.0732083 1
0.07325 1
0.0732917 1
0.0733333 1
0.073375 1
0.0734167 1
0.0734583 1
0.0735 1
0.0735417 1
0.0735833 1
0.073625 1
0.0736667 1
0.0737083 1
0.07375 1
0.0737917 1
0.0738333 1
0.073875 1
0.0739167 1
0.0739583 1
0.074 -1
0.0740417 -1
0.0740833 -1
0.074125 -1
0.0741667 -1
0.0742083 -1
0.07425 -1
0.0742917 -1
0.0743333 -1
0.074375 -1
0.0744167 -1
0.0744583 -1
0.0745 -1
0.0745417 -1
0.0745833 -1
0.074625 -1
0.0746667 -1
0.0747083 -1
0.07475 -1
0.0747917 -1
0.0748333 -1
0.074875 -1
0.0749167 -1
0.0749583 -1
0.075 -1
0.0750417 -1
0.0750833 -1
0.075125 -1
0.0751667 -1
0.0752083 -1
0.07525 -1
0.0752917 -1
0.0753333 -1
0.075375 -1
0.0754167 -1
0.0754583 -1
0.0755 -1
0.0755417 -1
0.0755833 -1
0.075625 -1
0.0756667 -1
0.0757083 -1
0.07575 -1
0.0757917 -1
0.0758333 -1
0.075875 -1
0.0759167 -1
0.0759583 -1
0.076 1
0.0760417 1
0.0760833 1
0.076125 1
0.0761667 1
0.0762083 1
0.07625 1
0.0762917 1
0.0763333 1
0.076375 1
0.0764167 1
0.0764583 1
0.0765 1
0.0765417 1
0.0765833 1
0.076625 1
0.0766667 1
0.0767083 1
0.07675 1
0.0767917 1
0.0768333 1
0.076875 1
0.0769167 1
0.0769583 1
0.077 1
0.0770417 1
0.0770833 1
0.077125 1
0.0771667 1
0.0772083 1
0.07725 1
0.0772917 1
0.0773333 1
0.077375 1
0.0774167 1
0.0774583 1
0.0775 1
0.0775417 1
0.0775833 1
0.077625 1
0.0776667 1
0.0777083 1
0.07775 1
0.0777917 1
0.0778333 1
0.077875 1
0.0779167 1
0.0779583 1
0.078 -1
0.0780417 -1
0.0780833 -1
0.078125 -1
0.0781667 -1
0.0782083 -1
0.07825 -1
0.0782917 -1
0.0783333 -1
0.078375 -1
0.0784167 -1
0.0784583 -1
0.0785 -1
0.0785417 -1
0.0785833 -1
0.078625 -1
0.0786667 -1
0.0787083 -1
0.07875 -1
0.0787917 -1
0.0788333 -1
0.078875 -1
0.0789167 -1
0.0789583 -1
0.079 -1
0.0790417 -1
0.0790833 -1
0.079125 -1
0.0791667 -1
0.0792083 -1
0.07925 -1
0.0792917 -1
0.0793333 -1
0.079375 -1
0.0794167 -1
0.0794583 -1
0.0795 -1
0.0795417 -1
0.0795833 -1
0.079625 -1
0.0796667 -1
0.0797083 -1
0.07975 -1
0.0797917 -1
0.0798333 -1
0.079875 -1
0.0799167 -1
0.0799583 -1
0.08 1
0.0800417 1
0.0800833 1
0.080125 1
0.0801667 1
0.0802083 1
0.08025 1
0.0802917 1
0.0803333 1
0.080375 1
0.0804167 1
0.0804583 1
0.0805 1
0.0805417 1
0.0805833 1
0.080625 1
0.0806667 1
0.0807083 1
0.08075 1
0.0807917 1
0.0808333 1
0.080875 1
0.0809167 1
0.0809583 1
0.081 1
0.0810417 1
0.0810833 1
0.081125 1
0.0811667 1
0.0812083 1
0.08125 1
0.0812917 1
0.0813333 1
0.081375 1
0.0814167 1
0.0814583 1
0.0815 1
0.0815417 1
0.0815833 1
0.081625 1
0.0816667 1
0.0817083 1
0.08175 1
0.0817917 1
0.0818333 1
0.081875 1
0.0819167 1
0.0819583 1
0.082 1
0.0820417 1
0.0820833 1
0.082125 1
0.0821667 1
0.0822083 1
0.08225 1
0.0822917 1
0.0823333 1
0.082375 1
0.0824167 1
0.0824583 1
0.0825 1
0.0825417 1
0.0825833 1
0.082625 1
0.0826667 1
0.0827083 1
0.08275 1
0.0827917 1
0.0828333 1
0.082875 1
0.0829167 1
0.0829583 1
0.083 1
0.0830417 1
0.0830833 1
0.083125 1
0.0831667 1
0.0832083 1
0.08325 1
0.0832917 1
0.0833333 1
0.083375 1
0.0834167 1
0.0834583 1
0.0835 1
0.0835417 1
0.0835833 1
0.083625 1
0.0836667 1
0.0837083 1
0.08375 1
0.0837917 1
0.0838333 1
0.083875 1
0.0839167 1
0.0839583 1
0.084 -1
0.0840417 -1
0.0840833 -1
0.084125 -1
0.0841667 -1
0.0842083 -1
0.08425 -1
0.0842917 -1
0.0843333 -1
0.084375 -1
0.0844167 -1
0.0844583 -1
0.0845 -1
0.0845417 -1
0.0845833 -1
0.084625 -1
0.0846667 -1
0.0847083 -1
0.08475 -1
0.0847917 -1
0.0848333 -1
0.084875 -1
0.0849167 -1
0.0849583 -1
0.085 -1
0.0850417 -1
0.0850833 -1
0.085125 -1
0.0851667 -1
0.0852083 -1
0.08525 -1
0.0852917 -1
0.0853333 -1
0.085375 -1
0.0854167 -1
0.0854583 -1
0.0855 -1
0.0855417 -1
0.0855833 -1
0.085625 -1
0.0856667 -1
0.0857083 -1
0.08575 -1
0.0857917 -1
0.0858333 -1
0.085875 -1
0.0859167 -1
0.0859583 -1
0.086 -1
0.0860417 -1
0.0860833 -1
0.086125 -1
0.0861667 -1
0.0862083 -1
0.08625 -1
0.0862917 -1
0.0863333 -1
0.086375 -1
0.0864167 -1
0.0864583 -1
0.0865 -1
0.0865417 -1
0.0865833 -1
0.086625 -1
0.0866667 -1
0.0867083 -1
0.08675 -1
0.0867917 -1
0.0868333 -1
0.086875 -1
0.0869167 -1
0.0869583 -1
0.087 -1
0.0870417 -1
0.0870833 -1
0.087125 -1
0.0871667 -1
0.0872083 -1
0.08725 -1
0.0872917 -1
0.0873333 -1
0.087375 -1
0.0874167 -1
0.0874583 -1
0.0875 -1
0.0875417 -1
0.0875833 -1
0.087625 -1
0.0876667 -1
0.0877083 -1
0.08775 -1
0.0877917 -1
0.0878333 -1
0.087875 -1
0.0879167 -1
0.0879583 -1
0.088 1
0.0880417 1
0.0880833 1
0.088125 1
0.0881667 1
0.0882083 1
0.08825 1
0.0882917 1
0.0883333 1
0.088375 1
0.0884167 1
0.0884583 1
0.0885 1
0.0885417 1
0.0885833 1
0.088625 1
0.0886667 1
0.0887083 1
0.08875 1
0.0887917 1
0.0888333 1
0.088875 1
0.0889167 1
0.0889583 1
0.089 1
0.0890417 1
0.0890833 1
0.089125 1
0.0891667 1
0.0892083 1
0.08925 1
0.0892917 1
0.0893333 1
0.089375 1
0.0894167 1
0.0894583 1
0.0895 1
0.0895417 1
0.0895833 1
0.089625 1
0.0896667 1
0.0897083 1
0.08975 1
0.0897917 1
0.0898333 1
0.089875 1
0.0899167 1
0.0899583 1
